,price,bedrooms,bathrooms,sqft_living,sqft_lot,floors,waterfront,view,condition,grade,sqft_above,sqft_basement,yr_built,yr_renovated,zipcode,sqft_living15,sqft_lot15,walk_score,transit_score,pers_crime_score,prop_crime_score,income,log_price,renovated_2
16932,605125,2,1.0,1160,5029,1.0,0,0,3,7,910,250,1940,0,98115,1220,5029,46,45,1,1,132917,13.313190327241996,1940
1050,410000,3,2.0,1700,4250,1.0,0,0,3,6,890,810,1944,0,98199,1440,4250,72,51,1,1,66563,12.92391243868049,1944
19536,415000,3,1.75,1470,4000,1.0,0,0,3,7,1070,400,1979,0,98122,1280,3500,82,60,3,3,76524,12.936033799212835,1979
21608,360000,3,2.5,1530,1131,3.0,0,0,3,8,1530,0,2009,0,98103,1530,1509,84,58,3,3,56744,12.793859310432293,2009
18059,275000,1,1.0,520,4800,1.0,0,0,3,5,520,0,1930,0,98106,800,4960,46,45,2,2,55504,12.524526376648708,1930
20012,412000,3,2.5,1200,813,3.0,0,0,3,9,1200,0,2010,0,98144,1750,4365,68,86,1,1,47737,12.928778628331663,2010
12611,456200,2,1.75,1210,7733,1.0,0,0,3,6,1210,0,1904,0,98125,1670,7733,28,48,3,3,125109,13.030686588832424,1904
4187,400800,4,1.0,1070,5750,1.0,0,0,3,6,870,200,1923,0,98126,1270,5750,84,54,2,2,71705,12.901217828752792,1923
17632,748000,4,2.5,3170,4979,2.0,0,0,4,7,2570,600,1925,0,98103,2060,5000,88,54,3,3,113906,13.525158256956614,1925
1781,883000,4,2.5,2960,41656,2.0,0,0,3,10,2960,0,1985,0,98072,3900,35104,1,39,1,1,199542,13.691080479586097,1985
13396,770000,4,2.25,2730,5000,1.0,0,0,5,7,1460,1270,1955,0,98116,2010,5000,64,41,1,1,77808,13.554145793829866,1955
6365,384000,3,2.5,1540,1564,2.0,0,0,3,7,1300,240,1998,0,98144,1540,2875,73,79,2,2,47737,12.858397831569864,1998
10101,324500,2,1.0,1300,6617,1.0,0,0,3,7,1300,0,1986,0,98125,1820,7800,68,58,2,2,56208,12.690040815126281,1986
8497,209500,3,1.5,970,5488,1.0,0,0,3,7,970,0,1976,0,98106,1040,5488,39,45,3,3,54622,12.25247901834433,1976
21305,495000,3,2.25,1280,1517,2.0,0,0,3,8,1080,200,2008,0,98107,1280,1681,81,57,2,2,72396,13.112313041550827,2008
18888,350000,3,3.25,1210,941,2.0,0,0,3,8,1000,210,2002,0,98133,1650,1493,56,52,2,2,72428,12.765688433465597,2002
8257,660000,3,1.75,1750,5200,1.0,0,1,4,8,1750,0,1956,0,98117,2060,5200,44,43,1,1,96193,13.399995114002609,1956
13921,460000,3,2.25,1530,1840,2.0,0,0,3,8,1240,290,2008,0,98144,1800,3431,80,68,3,3,81676,13.038981768465277,2008
14359,405000,3,1.0,1410,8053,1.0,0,0,4,7,1410,0,1951,0,98177,1170,8042,62,52,2,2,72428,12.911642346088676,1951
1497,499950,3,3.5,1820,1991,2.0,0,0,3,8,1430,390,2014,0,98144,1550,1460,70,63,2,2,79953,13.122263372403996,2014
14860,521000,3,2.0,1840,6000,1.0,0,0,4,6,1840,0,1908,1944,98136,2010,6000,64,48,1,1,90208,13.163505320735505,1944
20029,555000,2,1.5,1190,1361,2.0,0,0,3,8,1190,0,2007,0,98122,1280,3360,87,65,2,2,104632,13.226723392728571,2007
15049,1535000,4,4.5,5770,10050,1.0,0,3,5,9,3160,2610,1949,0,98115,2950,6700,44,47,1,1,110458,14.244040939003435,1949
14473,782000,2,1.5,1570,3600,1.5,0,2,4,7,1320,250,1906,0,98119,2140,3600,86,60,2,2,100172,13.569610019527449,1906
20701,545000,2,1.25,1240,2150,2.0,0,0,3,8,1240,0,2014,0,98117,1340,5289,84,55,2,2,90789,13.208541073645382,2014
17100,435000,2,1.0,870,4000,1.0,0,2,3,7,870,0,1950,0,98126,1690,4000,70,57,2,2,67277,12.983101310070822,1950
1670,635000,4,1.5,2820,4000,2.0,0,0,3,7,2820,0,1911,0,98103,1470,1627,79,54,2,2,71809,13.36138027787483,1911
1160,267500,5,3.5,2390,6600,2.0,0,0,5,7,2390,0,1977,0,98042,1140,6600,22,44,2,2,107311,12.496874845318198,1977
15016,325000,3,2.0,2330,4950,1.5,0,0,3,6,1430,900,1900,0,98118,1160,5115,92,64,4,4,57750,12.691580461311874,1900
4178,790000,3,1.75,2050,4080,2.0,0,0,3,8,2050,0,1991,0,98105,1890,4080,71,66,2,2,88914,13.579788224443204,1991
13056,565000,4,1.5,2190,8296,2.0,0,0,3,7,2190,0,1935,1963,98136,1160,8160,46,46,1,1,83421,13.244581010128577,1963
20387,580000,3,2.5,1620,1173,3.0,0,4,3,8,1470,150,2008,0,98103,1620,1505,69,52,2,2,81563,13.270783382522602,2008
962,425000,2,1.0,970,2970,1.0,0,0,3,7,970,0,1910,0,98102,1670,3000,92,81,3,3,63419,12.959844447906553,1910
237,410000,4,1.0,1970,4740,1.5,0,0,3,7,1670,300,1904,2005,98122,1510,4740,87,66,3,3,57786,12.92391243868049,2005
1418,530000,3,1.0,1500,5750,1.5,0,0,4,7,1050,450,1927,0,98126,1500,5060,71,55,2,2,67277,13.180632285528304,1927
21481,495000,3,2.5,1750,1548,3.0,0,0,3,9,1750,0,2013,0,98118,1750,3960,89,55,4,4,57750,13.112313041550827,2013
19266,302000,2,1.0,890,5000,1.0,0,0,4,6,890,0,1947,0,98118,1160,5000,88,58,3,3,57750,12.618182296357007,1947
16337,475000,3,2.5,950,1110,2.0,0,0,3,8,950,0,2003,0,98102,1230,1215,97,81,3,3,63419,13.071070083016778,2003
11727,1280000,4,3.0,3260,4500,2.0,0,0,3,9,2300,960,1930,2014,98109,2410,4995,81,75,2,2,67572,14.0623706358958,2014
17096,525000,3,1.0,1560,8100,1.0,0,0,4,8,1140,420,1952,0,98177,2130,8100,24,42,2,2,125400,13.17115354157376,1952
2851,534000,5,2.0,2280,3600,2.0,0,0,3,7,2280,0,1992,0,98122,1740,1800,84,73,4,4,56700,13.188151117942333,1992
1605,512000,2,2.0,1270,3881,1.0,0,0,4,6,610,660,1926,0,98105,1370,5000,82,62,2,2,64797,13.146079904021645,1926
4519,369000,3,2.0,1550,8509,1.0,0,0,3,7,1150,400,1959,0,98106,1840,7620,31,43,3,3,47363,12.818551923022664,1959
14403,633000,4,2.5,2360,10000,1.0,0,3,3,8,1980,380,1977,0,98126,2480,5000,53,54,1,1,67277,13.358225701126313,1977
5105,549000,3,2.0,1340,3000,2.0,0,0,5,7,1340,0,1905,0,98103,1120,3000,86,52,2,2,90568,13.215853720491667,1905
10047,362362,2,1.0,710,4000,1.0,0,0,3,6,710,0,1909,0,98118,960,4000,78,43,3,3,84324,12.800398991140991,1909
5764,465000,3,2.25,1450,1540,2.0,0,0,3,8,1180,270,2005,0,98107,1450,1540,82,56,1,1,93155,13.049792684569493,2005
15830,540000,3,2.5,1380,1021,2.0,0,0,3,8,1160,220,2008,0,98122,1440,1021,95,73,3,3,57786,13.199324418540456,2008
6313,580000,3,2.25,1900,3960,1.5,0,0,3,8,1200,700,1905,0,98122,1310,3960,89,57,3,3,76524,13.270783382522602,1905
17666,800000,3,3.0,2060,3200,2.0,0,0,3,8,2060,0,1907,1984,98102,1760,2669,80,57,2,2,82154,13.592367006650065,1984
337,791500,4,2.0,1510,3500,1.5,0,0,5,7,1510,0,1911,0,98103,1820,3750,87,45,1,1,103750,13.581685158303204,1911
9289,432500,3,1.75,1980,5100,1.0,0,0,3,7,1270,710,1965,0,98103,1400,5100,85,55,4,4,87159,12.977337605354071,1965
1826,450000,3,1.0,1060,4650,1.0,0,0,3,7,910,150,1950,0,98116,1480,4750,71,39,1,1,106319,13.017002861746503,1950
0,221900,3,1.0,1180,5650,1.0,0,0,3,7,1180,0,1955,0,98178,1340,5650,46,46,3,3,71524,12.309982108920686,1955
2965,510000,2,1.0,810,6480,1.0,0,0,5,6,810,0,1942,0,98199,1920,6000,56,37,1,1,90951,13.142166004700508,1942
15835,1300000,4,3.25,2330,9687,2.0,0,3,3,9,2330,0,1918,0,98112,3880,9017,49,42,2,2,137358,14.077874822431765,1918
11814,324950,3,1.5,1210,7560,1.0,0,0,3,7,1210,0,1941,0,98126,980,7560,72,53,3,3,75123,12.691426603322494,1941
12425,1289000,3,2.5,2190,11394,1.0,0,0,3,8,1550,640,1956,0,98199,2190,9540,18,41,1,1,90951,14.069377281921325,1956
1831,469000,2,1.0,1030,4400,1.0,0,0,3,7,1030,0,1924,0,98117,1400,4200,82,48,2,2,103750,13.058358047428417,1924
13491,1328000,4,2.25,3260,4640,2.0,0,0,5,9,2360,900,1907,0,98112,3240,5800,82,66,2,2,154868,14.099184609018517,1907
20485,496800,4,2.25,1850,2340,2.5,0,0,3,8,1850,0,2014,0,98126,1850,2340,62,49,2,2,55504,13.115942809601407,2014
5728,615000,3,1.75,1720,4080,1.0,0,0,4,7,960,760,1924,0,98144,1660,4080,76,63,4,4,81676,13.329377546788654,1924
12408,311600,3,2.25,1358,1196,3.0,0,0,3,7,1358,0,2007,0,98133,1358,1196,83,58,3,3,56744,12.64947559297873,2007
5669,1157400,3,2.5,2740,5925,2.0,0,2,3,10,2740,0,1913,1992,98112,2740,5948,60,56,2,2,154868,13.961686668121876,1992
20121,635000,4,2.5,2880,3091,2.0,0,0,3,9,1940,940,2014,0,98144,1560,4080,81,60,4,4,59275,13.36138027787483,2014
9689,280000,3,2.25,1220,5739,1.0,0,0,3,7,790,430,1984,0,98115,1870,5739,56,62,1,1,61391,12.542544882151386,1984
7934,378500,4,2.0,1830,6000,1.0,0,0,5,7,1070,760,1953,0,98118,1830,5500,84,61,3,3,52412,12.84397135185964,1953
12997,490000,3,3.0,1730,2940,3.0,0,0,3,7,1730,0,1985,0,98117,1690,4410,57,48,1,1,95927,13.102160670086809,1985
15297,1330000,3,1.5,1940,2885,1.5,0,2,3,8,1940,0,1900,0,98119,2550,3600,78,58,1,1,100172,14.100689500197937,1900
16593,875000,6,3.25,2820,4536,2.0,0,0,4,8,1930,890,1917,0,98105,2820,4536,92,73,3,3,50500,13.681979165339751,1917
14631,334000,2,1.75,1680,8367,1.0,0,0,3,6,840,840,1914,0,98115,1830,6720,65,45,1,1,132981,12.718896271958837,1914
3004,441000,4,1.5,1100,3300,1.0,0,0,1,7,1100,0,1919,0,98122,2020,4000,70,60,2,2,76524,12.996800154428984,1919
13880,665000,3,2.0,1940,5820,1.5,0,0,5,7,1150,790,1944,0,98107,990,3880,76,60,2,2,93155,13.407542319637992,1944
5655,378500,2,1.0,730,7528,1.0,0,0,3,7,730,0,1946,0,98115,1620,7528,43,50,2,2,80400,12.84397135185964,1946
19389,936000,3,1.75,2960,12420,1.0,0,2,4,8,1480,1480,1952,0,98116,2700,9106,60,35,1,1,82333,13.74937075545973,1952
12156,200000,2,1.0,920,5250,1.0,0,0,4,6,920,0,1906,0,98118,1210,5250,73,48,4,4,38846,12.206072645530174,1906
134,675000,4,3.5,2140,2278,3.0,0,0,3,9,2140,0,2005,0,98107,1540,2285,89,53,2,2,85595,13.422467969854667,2005
20138,734000,4,2.5,2180,7204,2.0,0,0,3,8,2180,0,2014,0,98133,1500,7650,70,51,3,3,62726,13.506264307596652,2014
274,331000,3,1.75,1080,1306,1.0,0,0,3,7,580,500,1954,2003,98199,1440,2225,63,42,2,2,90951,12.7098736543592,2003
21439,639000,3,2.5,2010,3300,2.0,0,0,3,9,1610,400,2014,0,98118,1660,4950,93,62,4,4,57750,13.367659733359671,2014
3155,700000,4,2.0,2230,4635,1.5,0,0,5,7,1510,720,1908,0,98103,1520,4635,79,50,1,1,90568,13.458835614025542,1908
16347,440000,3,1.75,1500,6180,1.0,0,0,4,6,1060,440,1947,0,98118,1740,6180,79,56,4,4,59275,12.994530005894443,1947
4448,476500,3,1.0,1200,6120,1.0,0,0,4,7,950,250,1945,0,98115,1550,6120,69,45,2,2,132981,13.074223002076394,1945
2325,270000,4,2.0,1830,5220,1.5,0,0,3,7,1830,0,1951,0,98118,1760,5757,78,64,4,4,52412,12.506177237980511,1951
16154,456000,4,1.75,1670,9886,1.0,0,0,5,7,1670,0,1947,0,98125,2590,9997,58,53,3,3,44951,13.030248088496522,1947
4199,875000,4,3.5,2850,4416,1.5,0,0,3,7,2040,810,1926,0,98103,1860,4416,79,53,3,3,111661,13.681979165339751,1926
6386,350000,4,2.25,2300,4600,1.5,0,0,4,7,1340,960,1904,0,98144,1540,3000,69,75,1,1,47737,12.765688433465597,1904
19741,660000,3,2.25,1570,1680,3.0,0,0,3,8,1570,0,2014,0,98103,1290,1870,85,59,2,2,71809,13.399995114002609,2014
1146,510000,3,2.5,1860,3658,2.0,0,0,3,8,1860,0,1994,0,98029,1840,3739,40,21,2,2,126146,13.142166004700508,1994
13373,418000,3,2.0,1250,1306,3.0,0,0,3,7,1250,0,2001,0,98107,1320,1250,95,51,2,2,79681,12.943236711506893,2001
7720,645000,3,2.75,1850,16960,1.0,0,2,4,8,1850,0,1953,0,98177,2470,13761,14,45,2,2,125400,13.37700559577791,1953
13980,750000,3,2.5,2390,6550,1.0,0,2,4,8,1440,950,1955,0,98116,2010,6550,47,34,1,1,82333,13.527828485512494,1955
8162,576250,2,1.75,1530,5000,2.0,0,0,4,7,1260,270,1989,0,98107,1470,5000,85,47,2,2,85595,13.264296873292995,1989
7610,449000,3,1.75,1270,6600,1.5,0,0,5,7,1270,0,1903,0,98144,1490,3600,70,58,2,2,79953,13.01477816672439,1903
3842,576750,3,2.0,2220,5000,1.0,0,0,4,7,1110,1110,1966,0,98116,1450,5000,74,40,1,1,106319,13.265164176036,1966
15741,280500,3,1.0,1220,4541,1.0,0,0,3,7,890,330,1952,0,98108,1670,3429,51,58,3,3,47604,12.544329003944888,1952
9266,347000,2,2.25,1560,1705,2.0,0,0,3,8,1270,290,2006,0,98126,1560,1758,97,0,4,4,29464,12.757080058928997,2006
1058,528000,4,2.25,1910,8005,1.0,0,0,3,8,1280,630,1960,0,98125,1860,8010,65,57,2,2,56208,13.176851562688398,1960
16363,275000,2,1.0,830,5610,1.0,0,0,3,6,830,0,1922,0,98126,1310,2793,59,57,2,2,67277,12.524526376648708,1922
17574,680000,3,1.75,2140,3584,1.0,0,0,3,7,1070,1070,1952,0,98199,1620,4000,55,45,1,1,157292,13.42984807715229,1952
18023,980000,3,2.25,2390,4590,2.0,0,0,3,8,2090,300,1941,1998,98105,2280,5179,62,52,1,1,132917,13.795307850646754,1998
12920,329932,3,1.5,1460,5040,1.0,0,0,3,7,1100,360,1971,0,98133,2330,7560,69,51,2,2,72428,12.706641851603198,1971
16296,620000,3,1.75,2140,5808,1.0,0,1,3,7,1070,1070,1947,0,98119,1930,5808,66,59,2,2,87667,13.337474757021274,1947
1298,748000,3,2.5,2600,10183,1.0,0,0,3,8,1300,1300,2004,0,98033,1860,10401,18,36,2,2,111754,13.525158256956614,2004
8787,509000,3,3.0,2130,5000,1.5,0,0,3,7,1570,560,1913,0,98118,1638,4500,84,62,3,3,52412,13.14020329553266,1913
1974,420000,2,1.0,860,3880,1.0,0,0,4,6,860,0,1916,0,98117,1230,4260,76,48,1,1,101397,12.948009990259552,1916
9101,675000,4,2.75,2670,6780,2.0,0,3,5,8,1630,1040,1908,0,98118,2400,5989,53,46,3,3,71524,13.422467969854667,1908
1170,900000,4,2.5,2660,3672,2.0,0,0,5,8,1800,860,1910,0,98105,1510,3825,87,78,3,3,38487,13.710150042306449,1910
11288,539000,3,2.25,1540,5338,1.0,0,0,5,7,770,770,1954,0,98115,1680,6525,72,52,2,2,85759,13.197470849891134,1954
5011,446000,4,1.75,1730,5922,2.0,0,0,5,7,1730,0,1949,0,98125,1700,6127,70,51,3,3,60131,13.008074231002201,1949
1106,1127000,4,2.5,3160,8281,2.0,0,0,4,9,3160,0,1995,0,98033,3000,8281,65,50,2,2,100584,13.935069793021913,1995
17729,600000,2,1.0,2120,6897,1.0,0,0,4,7,1060,1060,1923,0,98118,1900,4462,89,54,3,3,57750,13.304684934198283,1923
20221,360000,3,2.0,1270,1323,3.0,0,0,3,8,1270,0,2006,0,98103,1330,1323,77,59,3,3,87159,12.793859310432293,2006
13799,592000,3,1.75,1560,7424,1.0,0,0,5,8,1560,0,1940,0,98117,1370,7424,76,55,2,2,72428,13.291261913866142,1940
3699,632500,4,2.0,1770,5000,2.0,0,0,4,7,1770,0,1906,0,98107,1550,5000,92,52,2,2,85595,13.357435499583813,1906
3133,990000,3,3.25,2460,4182,2.0,0,0,5,8,2100,360,1910,0,98115,2370,4284,80,49,2,2,91458,13.805460222110773,1910
405,650000,3,3.25,1510,2000,2.0,0,0,3,9,1330,180,2001,0,98116,1510,1352,51,33,1,1,106319,13.38472764187182,2001
7675,385000,5,2.0,2020,4000,2.0,0,0,3,7,2020,0,1950,0,98144,1960,4000,79,76,4,4,66458,12.86099861326992,1950
893,340000,2,1.0,1090,6771,1.0,0,0,3,6,1090,0,1954,0,98106,1200,4992,85,49,3,3,47363,12.736700896592344,1954
4749,319000,2,1.0,750,6380,1.0,0,0,3,7,750,0,1949,0,98125,1690,6495,48,53,1,1,64549,12.672946381766982,1949
1119,552500,4,3.5,3710,10400,2.0,0,0,3,8,2290,1420,2002,0,98056,1720,4276,63,40,3,3,75109,13.222208712374044,2002
1905,548800,4,1.0,1660,4704,1.5,0,0,3,7,1260,400,1930,0,98115,1360,5413,83,57,2,2,61391,13.215489355393812,1930
12310,385000,6,4.0,2700,7416,1.0,0,0,3,7,1350,1350,1969,0,98108,2260,5324,40,60,4,4,60682,12.86099861326992,1969
11357,246950,3,3.5,1790,1682,2.0,0,0,3,7,1480,310,2006,0,98108,1150,4000,65,48,3,3,42159,12.41694116596877,2006
14593,625000,3,1.75,1840,5664,2.0,0,0,3,7,1270,570,1948,0,98115,1480,5664,68,44,2,2,132981,13.345506928718539,1948
19467,771000,4,2.0,2220,3760,1.5,0,0,4,7,1370,850,1929,0,98117,1620,3760,85,55,2,2,90789,13.555443652545467,1929
20479,290000,2,1.5,770,850,2.0,0,0,3,7,770,0,2006,0,98116,1350,915,95,53,2,2,71705,12.577636201962656,2006
21397,305000,2,2.25,1000,905,3.0,0,0,3,8,1000,0,2006,0,98117,980,1023,78,49,1,1,101397,12.628067055589549,2006
1125,302000,4,1.75,2020,7865,1.0,0,0,4,7,1010,1010,1963,0,98059,1650,7865,34,36,1,1,81676,12.618182296357007,1963
13095,666570,4,2.0,2320,7400,1.5,0,0,5,7,1620,700,1913,0,98118,1740,4000,73,42,3,3,84324,13.409900439342593,1913
8848,601000,3,2.5,1740,1251,2.0,0,0,3,9,1180,560,2012,0,98199,1740,1625,55,50,2,2,62639,13.306350213517344,2012
20097,667000,3,1.75,1370,1921,3.0,0,0,3,8,1370,0,2007,0,98103,1370,4000,79,63,2,2,71809,13.410545324897761,2007
9560,235000,2,1.0,1270,3008,1.0,0,0,4,6,650,620,1923,0,98118,1270,1514,81,65,4,4,52412,12.367340793126296,1923
20351,475000,2,2.25,1060,925,2.0,0,0,3,8,980,80,2006,0,98199,1020,4000,62,47,1,1,62639,13.071070083016778,2006
17446,407500,2,1.0,770,2971,1.0,0,2,3,7,770,0,1923,0,98102,1440,4000,77,59,2,2,82154,12.917796211663054,1923
14231,815000,4,1.75,1820,4500,1.5,0,0,3,8,1820,0,1921,0,98119,1870,3600,83,65,2,2,96538,13.610943392223,1921
8115,333000,4,2.0,1580,7800,2.0,0,0,2,6,1580,0,1906,0,98144,1190,4440,80,69,3,3,81676,12.71589776896258,1906
15608,300000,3,1.75,1350,7370,1.0,0,0,4,6,1350,0,1912,0,98118,1440,6000,77,64,4,4,52412,12.611537753638338,1912
12403,253500,2,1.0,810,4800,1.0,0,0,3,7,810,0,1948,0,98126,1240,7740,76,53,3,3,75123,12.443119102013375,1948
19402,850000,5,3.5,3150,4120,2.0,0,0,3,8,2460,690,1911,2007,98115,2080,4160,85,59,3,3,50500,13.652991628466498,2007
9734,410000,2,1.0,1030,4366,1.0,0,0,3,7,1030,0,1912,0,98136,1890,4499,42,46,1,1,102500,12.92391243868049,1912
15721,605000,4,1.5,1880,3500,1.0,0,0,4,7,1080,800,1926,0,98103,1690,3500,84,51,2,2,90568,13.312983737012978,1926
11701,523000,3,1.5,1260,3135,1.5,0,0,3,8,1260,0,1931,0,98116,1700,4180,86,42,1,1,71705,13.16733674304706,1931
8352,532000,3,1.0,2360,5012,1.0,0,0,3,7,1560,800,1964,0,98116,1690,4800,77,49,1,1,71705,13.184398768323781,1964
4511,555000,4,2.0,1680,2600,1.0,0,0,5,7,840,840,1915,0,98107,1680,3340,97,55,2,2,93155,13.226723392728571,1915
7708,592500,2,2.0,1340,5350,1.5,0,0,3,8,1340,0,1941,0,98199,2210,5350,73,37,1,1,157292,13.292106151991423,1941
9833,475000,2,1.0,820,2723,1.0,0,0,3,7,820,0,1921,0,98103,1370,3850,94,58,3,3,65625,13.071070083016778,1921
10694,704000,3,1.0,1140,6120,1.5,0,0,3,7,1140,0,1926,0,98115,1800,4080,66,57,2,2,91458,13.46453363514018,1926
17075,750000,3,2.5,3280,6750,2.0,0,1,3,9,2440,840,2001,0,98126,1770,6387,72,50,2,2,75123,13.527828485512494,2001
12921,539000,3,1.5,1460,5040,1.0,0,0,3,7,1100,360,1971,0,98133,2330,7560,69,51,2,2,72428,13.197470849891134,1971
20854,690000,2,2.5,1990,1756,3.0,0,0,3,9,1780,210,2005,0,98102,1955,1438,91,78,2,2,98617,13.444446876573442,2005
8610,559000,3,1.75,1700,6500,1.0,0,0,3,8,1700,0,1967,0,98115,1880,6000,71,45,1,1,103917,13.233904752137237,1967
14526,1025000,3,2.75,2780,4000,2.0,0,2,5,8,1960,820,1904,0,98103,1490,4800,83,66,2,2,71809,13.840203170554645,1904
17929,319950,3,3.25,1510,1245,3.0,0,0,3,7,1510,0,2007,0,98133,1510,1245,79,51,4,4,64297,12.675920012567607,2007
15607,190000,3,1.75,1350,7370,1.0,0,0,4,6,1350,0,1912,0,98118,1440,6000,77,64,4,4,52412,12.154779351142624,1912
16160,365000,2,1.0,1250,8100,1.0,0,0,4,7,1250,0,1947,0,98125,1710,8100,27,50,3,3,64297,12.80765263256463,1947
4292,326500,3,1.0,1060,7920,1.0,0,0,4,7,1060,0,1968,0,98106,1060,7457,37,50,1,1,67277,12.696185227698622,1968
12024,589000,3,1.0,1110,6000,1.5,0,0,5,7,1110,0,1932,0,98199,1420,6000,60,35,1,1,90951,13.286181462633724,1932
3620,525000,5,3.0,2450,4591,2.0,0,0,3,7,2450,0,1994,0,98117,1060,5500,78,49,1,1,101397,13.17115354157376,1994
20490,292000,3,2.5,1270,1283,3.0,0,0,3,7,1270,0,2007,0,98125,1270,1512,78,57,3,3,44951,12.584509081250419,2007
9302,560000,4,1.75,2120,6250,1.0,0,0,5,7,1060,1060,1917,0,98136,1410,6250,83,51,1,1,90208,13.235692062711331,1917
4452,490000,3,1.0,1910,8190,1.0,0,0,4,7,1010,900,1946,0,98117,1600,5042,75,56,2,2,62786,13.102160670086809,1946
7627,550000,2,1.0,980,3080,1.5,0,0,3,7,980,0,1910,1946,98103,1450,3333,90,57,3,3,65625,13.217673557208654,1946
242,455000,2,1.0,1430,5000,1.5,0,0,2,7,1430,0,1925,0,98115,1450,3750,74,57,1,1,64797,13.028052697933088,1925
6454,490000,2,1.0,1840,3300,1.5,0,0,4,6,1130,710,1910,0,98107,1320,4000,79,48,2,2,97500,13.102160670086809,1910
21311,539900,3,3.25,1300,1325,2.0,0,0,3,8,1080,220,2005,0,98103,1290,1323,89,64,2,2,65625,13.199139216206378,2005
5219,162500,2,1.0,760,6141,1.0,0,0,2,6,760,0,1920,0,98118,900,4120,84,58,3,3,57750,11.998433280751929,1920
16420,352750,2,1.75,1060,1241,2.0,0,0,3,7,960,100,2008,0,98144,1170,1400,85,65,3,3,79953,12.77351486971506,2008
14192,1005000,3,2.5,2570,5000,1.0,0,0,4,8,1480,1090,1940,0,98105,2420,5484,65,53,1,1,132917,13.820498099475314,1940
16567,1260000,3,3.0,3230,8625,2.0,0,3,3,10,2220,1010,1998,0,98116,2330,6022,26,29,1,1,82333,14.04662227892766,1998
16864,300000,3,1.0,1260,8280,1.0,0,0,3,6,1260,0,1946,0,98115,2100,8280,50,49,2,2,85759,12.611537753638338,1946
1994,430000,2,1.5,950,4625,1.0,0,0,4,7,950,0,1949,0,98103,1440,4625,76,56,3,3,87159,12.971540487669746,1949
1983,555000,3,2.0,2080,7020,1.0,0,0,4,7,1040,1040,1951,0,98115,1920,7000,74,41,1,1,110458,13.226723392728571,1951
20176,660000,3,2.5,1780,1729,2.0,0,0,3,8,1080,700,2008,0,98103,1780,1741,78,63,2,2,71809,13.399995114002609,2008
7962,420000,3,1.75,1770,6000,1.0,0,0,3,7,1130,640,1952,0,98125,1900,7200,86,56,3,3,60131,12.948009990259552,1952
16357,742500,2,3.0,2020,5000,1.0,0,0,3,8,1350,670,1952,0,98117,1160,1118,87,47,2,2,85595,13.517778149658993,1952
5750,525000,5,1.0,1280,3876,1.5,0,0,3,7,1280,0,1923,0,98105,1420,3825,87,75,3,3,38487,13.17115354157376,1923
21008,580000,3,2.5,1740,1236,3.0,0,2,3,8,1740,0,2008,0,98116,1740,1280,65,39,1,1,77808,13.270783382522602,2008
2823,425000,3,2.0,1180,1800,2.0,0,2,3,8,1180,0,1994,0,98122,1500,1948,84,63,2,2,104632,12.959844447906553,1994
7227,520000,3,2.25,1210,1250,3.0,0,0,3,8,1210,0,2014,0,98107,1780,5000,93,52,2,2,72396,13.16158409055761,2014
678,478500,3,1.0,2090,4755,1.0,0,2,3,8,1200,890,1969,0,98136,1850,5300,43,46,2,2,102500,13.078411489875146,1969
13637,439000,4,2.0,1800,5465,1.0,0,0,3,7,900,900,1942,0,98118,1400,5400,74,43,4,4,59275,12.992254692057308,1942
15562,730000,4,1.0,1870,4992,1.5,0,0,4,7,1670,200,1940,0,98199,2160,5239,76,40,1,1,90951,13.500799813124575,1940
11760,590000,4,2.75,2240,5400,2.0,0,0,4,7,1540,700,1940,0,98116,1830,5000,60,35,1,1,82333,13.287877815881902,1940
12141,590000,3,2.0,1650,6150,2.0,0,0,4,7,1650,0,1926,1993,98116,1280,6150,62,43,1,1,106319,13.287877815881902,1993
3197,401000,4,1.75,3010,12523,1.0,0,0,3,8,1780,1230,1952,0,98125,2040,7560,69,60,4,4,31863,12.901716706288706,1952
19999,649950,4,3.5,2440,3012,3.0,0,1,3,8,2440,0,2005,0,98117,1860,4650,58,49,1,1,95927,13.384650715836164,2005
894,209000,3,2.0,1230,1340,2.0,0,0,3,7,1020,210,2003,0,98106,1260,1312,70,56,4,4,54622,12.250089530946948,2003
8006,390000,3,1.0,1240,3600,1.5,0,0,3,7,1240,0,1902,0,98144,1680,3600,73,65,2,2,79953,12.873902018105829,1902
6100,495000,3,2.25,2100,3000,2.0,0,0,3,7,2100,0,1996,0,98144,1650,4500,78,75,2,2,44571,13.112313041550827,1996
20954,492000,3,2.5,1690,1479,3.0,0,0,3,8,1420,270,2005,0,98122,1280,1253,89,89,4,4,56700,13.106233995474446,2005
11867,260000,2,1.0,820,6771,1.0,0,0,4,6,820,0,1918,0,98106,1000,4440,82,49,3,3,47363,12.468436909997665,1918
16538,155000,2,1.0,810,4755,1.0,0,0,3,7,810,0,1980,0,98118,1180,4755,64,62,3,3,60917,11.951180395901384,1980
787,460000,4,2.0,2090,40419,1.0,0,0,4,7,2090,0,1984,0,98027,2380,63162,0,0,2,2,98750,13.038981768465277,1984
8483,799990,4,3.5,2540,5808,2.0,0,0,5,8,1820,720,1910,1986,98117,1520,5461,81,53,2,2,90789,13.592354506571938,1986
8326,615000,3,1.75,2360,7291,1.0,0,0,4,8,1360,1000,1948,0,98136,1860,5499,34,46,1,1,102500,13.329377546788654,1948
10499,1350000,4,3.25,3030,5164,1.5,0,0,5,9,2700,330,1925,0,98112,1890,4415,56,60,2,2,131429,14.115615150414612,1925
1513,190000,2,1.0,700,9500,1.0,0,0,3,6,700,0,1951,0,98118,1020,5617,61,62,4,4,38846,12.154779351142624,1951
12240,350000,3,1.0,1050,5518,1.0,0,0,3,7,1050,0,1948,0,98118,1490,4269,79,52,3,3,57750,12.765688433465597,1948
20939,1300000,4,2.25,2360,4000,2.0,0,0,3,9,2360,0,2013,0,98112,3040,4400,51,51,1,1,137358,14.077874822431765,2013
1591,475000,4,1.0,1420,6000,1.5,0,0,3,7,1420,0,1950,0,98115,1420,6180,60,53,2,2,101413,13.071070083016778,1950
14464,573300,2,1.75,1290,6600,1.0,0,2,3,7,870,420,1951,0,98136,2380,7370,38,46,2,2,102500,13.259164418896473,1951
18963,420000,3,1.5,1130,5413,1.0,0,0,3,7,940,190,1946,0,98125,1400,7168,83,62,2,2,31863,12.948009990259552,1946
741,459000,2,1.75,1170,4887,1.0,0,0,3,6,1020,150,1929,0,98117,1170,5441,73,56,2,2,62786,13.036805489042683,1929
15132,635000,4,2.5,2970,7961,1.0,0,0,3,8,2020,950,1969,0,98125,1410,7959,56,53,3,3,87222,13.36138027787483,1969
6405,473000,2,1.0,940,4000,1.0,0,0,3,6,720,220,1942,0,98199,1180,6000,68,50,2,2,66563,13.06685066747407,1942
15336,276000,3,1.0,870,8040,1.0,0,0,3,7,870,0,1953,0,98177,1440,8040,49,51,2,2,72428,12.528156144699286,1953
9682,415000,3,1.0,1630,8146,1.0,0,0,3,7,1630,0,1952,0,98125,1480,8146,75,53,2,2,44951,12.936033799212835,1952
1536,932800,5,3.25,2980,7095,2.5,0,0,3,9,2980,0,1998,2007,98115,1670,7140,70,49,2,2,85759,13.745946094578365,2007
1829,753000,3,1.75,2360,8290,1.0,0,0,4,7,1180,1180,1950,0,98115,1880,7670,55,52,1,1,110091,13.531820506782031,1950
15817,380000,4,2.0,1710,9996,1.0,0,0,3,7,1710,0,1950,0,98108,1550,6768,48,52,3,3,79432,12.84792653170257,1950
1969,439000,2,1.0,800,5100,1.0,0,0,3,7,800,0,1945,0,98117,1330,5100,84,45,2,2,79681,12.992254692057308,1945
6724,305000,3,2.5,1260,1622,3.0,0,0,3,8,1260,0,2009,0,98133,1340,1188,69,52,3,3,64297,12.628067055589549,2009
18541,387500,3,3.25,1860,2218,3.0,0,0,3,8,1860,0,2001,0,98125,1860,2218,81,52,4,4,60131,12.86747112777554,2001
19030,482000,2,1.5,1300,1229,2.0,0,0,3,8,1160,140,2000,0,98107,1430,1255,90,53,2,2,85595,13.085699393032737,2000
3587,310000,2,1.0,1560,4920,1.0,0,0,4,6,780,780,1947,0,98125,1760,7510,30,46,2,2,64297,12.644327576461329,1947
10793,521000,3,3.25,1460,1254,3.0,0,0,3,8,1460,0,2000,0,98103,1400,1255,94,67,2,2,71809,13.163505320735505,2000
8375,1250000,3,2.5,2710,13120,1.0,0,0,3,10,2710,0,1959,0,98105,3130,13566,16,42,1,1,132917,14.038654109278484,1959
1137,225000,3,1.0,1020,8437,1.0,0,0,5,6,1020,0,1987,0,98022,1420,8500,48,31,2,2,55398,12.323855681186558,1987
15445,299980,4,1.5,1580,10230,1.0,0,0,3,6,790,790,1945,2008,98178,1130,6955,28,44,1,1,71524,12.61147108474935,2008
472,1199000,4,2.75,4110,8400,2.0,0,1,3,9,3130,980,1928,2013,98125,2820,8400,37,50,2,2,125109,13.996998434009651,2013
1005,563000,3,2.0,1380,5000,1.5,0,0,4,7,1380,0,1917,0,98117,1350,5000,68,50,2,2,90789,13.241034907121827,1917
16530,90000,1,1.0,560,4120,1.0,0,0,3,4,560,0,1947,0,98106,980,4120,50,44,3,3,47363,11.407564949312402,1947
10642,738000,3,1.0,1280,3900,1.0,0,0,4,7,1280,0,1921,0,98103,2020,4560,84,60,2,2,99083,13.51169910358261,1921
20751,1079000,5,3.5,3740,5610,2.0,0,0,3,9,2860,880,2014,0,98117,1520,4590,75,42,1,1,79681,13.891545244240271,2014
7558,382000,2,1.5,1070,877,3.0,0,0,3,8,1070,0,2005,0,98107,1320,1193,91,50,2,2,79681,12.853175887588712,2005
8546,450000,9,7.5,4050,6504,2.0,0,0,3,7,4050,0,1996,0,98144,1448,3866,72,70,3,3,79953,13.017002861746503,1996
8780,510000,2,1.0,1390,5544,1.0,0,0,3,7,930,460,1947,0,98105,1710,6200,45,45,1,1,132917,13.142166004700508,1947
8215,733500,3,1.5,2120,4370,1.5,0,0,3,8,2120,0,1904,0,98122,1960,5120,86,73,4,4,56700,13.505582876565173,1904
18943,580000,3,1.75,1850,5100,1.0,0,0,3,7,1020,830,1909,0,98105,1850,5100,87,75,3,3,38487,13.270783382522602,1909
3452,1234570,2,2.5,2470,609,3.0,0,0,3,11,1910,560,2011,0,98112,2440,1229,95,76,3,3,57786,14.026233289278482,2011
10838,435000,3,1.0,1180,4219,1.0,0,0,3,7,1060,120,1939,0,98117,1630,4219,85,53,2,2,90789,12.983101310070822,1939
17071,469000,3,1.75,1680,2400,1.5,0,0,3,7,1170,510,1929,0,98117,1080,4560,72,53,2,2,90789,13.058358047428417,1929
20724,420000,3,3.5,1900,2133,2.0,0,0,3,8,1520,380,2009,0,98126,1530,3264,79,57,2,2,67277,12.948009990259552,2009
11017,710000,3,2.0,2140,4923,1.0,0,0,4,8,1070,1070,1928,0,98103,1470,4923,76,57,3,3,111661,13.473020249017498,1928
100,850830,3,2.5,2070,13241,1.5,0,0,5,9,1270,800,1910,0,98102,2200,4500,54,62,2,2,76980,13.653967622617456,1910
14215,1285000,5,3.5,2980,5100,2.0,0,0,3,10,2370,610,2015,0,98115,1780,5100,66,55,1,1,96310,14.066269276311457,2015
330,880000,4,3.5,2800,6750,2.0,0,0,3,9,1890,910,1951,2002,98105,2370,6120,69,55,1,1,110091,13.687677186454389,2002
7332,280000,3,1.0,1100,5132,1.0,0,0,3,6,840,260,1948,0,98103,1280,5132,72,64,2,2,56744,12.542544882151386,1948
16893,125000,3,1.0,1230,4800,1.5,0,0,1,6,1230,0,1916,0,98117,1230,4800,81,56,2,2,62786,11.736069016284437,1916
5592,510000,2,1.0,820,4206,1.0,0,0,3,5,820,0,1949,0,98125,1810,7200,38,41,2,2,87222,13.142166004700508,1949
2769,199000,4,2.0,2030,8120,2.0,0,0,3,7,2030,0,1950,0,98178,1520,9440,9,43,2,2,71524,12.201060103706629,1950
19993,439108,2,1.5,1130,1340,2.0,0,0,3,8,910,220,2008,0,98116,1310,1340,68,35,1,1,82333,12.992500675468333,2008
9662,514000,3,1.75,1720,5899,1.0,0,1,3,8,1220,500,1986,0,98136,1900,6244,73,50,1,1,102500,13.149978544437301,1986
7380,1070000,3,1.75,2320,6090,2.0,0,3,3,8,2040,280,1939,0,98199,3110,7052,39,32,1,1,157292,13.883169206438088,1939
16319,500000,2,1.0,1440,7130,1.0,0,2,3,7,1210,230,1948,0,98115,1970,7130,34,45,1,1,75714,13.122363377404328,1948
20782,760000,4,3.25,2690,3995,2.0,0,0,3,9,2060,630,2014,0,98136,1810,4590,48,45,1,1,102500,13.541073712262515,2014
19383,750000,4,2.0,2640,5000,2.0,0,0,3,7,2040,600,1949,0,98117,1330,5000,81,48,2,2,85595,13.527828485512494,1949
20557,258800,2,1.75,1290,1624,2.0,0,0,3,8,1290,0,2014,0,98106,1410,1963,78,48,2,2,29107,12.463810841608883,2014
7319,970000,2,1.0,1290,5376,1.0,0,0,3,6,1290,0,1945,0,98115,1180,5376,83,58,1,1,80400,13.785051350479566,1945
6751,320000,2,1.5,1110,1200,3.0,0,0,3,8,1110,0,2000,0,98103,1110,1363,77,59,3,3,87159,12.676076274775909,2000
4446,344000,1,1.5,760,779,3.0,0,0,3,8,760,0,2006,0,98107,1290,1189,96,54,2,2,72396,12.748396936355535,2006
16075,370000,2,1.0,860,5040,1.0,0,0,3,7,860,0,1956,0,98117,1570,5040,78,57,2,2,62786,12.821258284620408,1956
9049,952000,3,3.5,2760,4500,2.0,0,0,3,9,2120,640,2004,0,98119,1950,6000,58,59,2,2,87667,13.766320313773502,2004
5160,1297000,6,2.75,2630,9420,2.0,0,0,5,9,2510,120,1900,0,98103,1540,4969,75,51,2,2,113906,14.075564463298582,1900
3474,380000,3,1.5,1520,4288,1.0,0,0,3,7,1020,500,1949,0,98136,1660,4288,38,46,2,2,102500,12.84792653170257,1949
16499,403950,2,1.0,710,1136,2.0,0,0,4,7,710,0,1943,0,98102,1370,1173,81,52,2,2,76980,12.909046386907855,1943
176,399950,5,2.75,1970,5400,1.0,0,0,3,7,1320,650,1986,0,98144,1280,2150,76,71,3,3,47737,12.899094818276968,1986
7090,587206,3,3.5,1890,1710,2.0,0,0,3,8,1640,250,1999,0,98103,1680,1562,76,63,2,2,71809,13.283130974213892,1999
7993,342000,3,3.0,1260,1634,3.0,0,0,3,8,1260,0,1998,0,98103,1260,1135,78,57,3,3,87159,12.742566016044742,1998
4767,600000,5,2.25,2760,6350,1.0,0,0,3,7,1380,1380,1958,0,98126,2060,6342,65,53,1,1,66794,13.304684934198283,1958
20335,405000,2,3.0,1160,1073,2.0,0,0,3,7,880,280,2007,0,98144,1250,4812,82,73,3,3,66458,12.911642346088676,2007
19120,341000,2,1.0,1040,4000,1.0,0,0,3,6,1040,0,1914,0,98144,1740,4000,80,73,3,3,51316,12.739637756265655,1914
20139,309000,3,2.25,1490,1294,2.0,0,0,3,7,1220,270,2010,0,98106,1490,1283,49,50,2,2,74107,12.641096555879882,2010
225,390000,3,2.25,1250,7500,1.0,0,0,5,7,1250,0,1942,0,98146,1280,7392,57,51,2,2,83421,12.873902018105829,1942
21518,475000,3,3.25,1380,1121,3.0,0,0,3,8,1380,0,2008,0,98103,1310,1405,88,62,2,2,71809,13.071070083016778,2008
11145,877500,4,2.0,3060,8000,2.0,0,0,4,8,2040,1020,1922,0,98144,2730,5800,67,68,4,4,81676,13.684832234322158,1922
10717,555000,2,1.0,1550,4600,1.0,0,0,4,7,1050,500,1941,0,98117,1550,4600,83,51,2,2,101397,13.226723392728571,1941
19086,774900,5,1.0,1750,3861,1.5,0,0,3,7,1750,0,1903,0,98122,1700,4255,80,57,2,2,76524,13.560489267752041,1903
3857,525000,3,3.25,2200,7440,2.0,0,0,4,7,1710,490,1947,0,98118,1260,6765,59,57,3,3,61901,13.17115354157376,1947
119,535000,4,1.0,1610,2982,1.5,0,0,4,7,1610,0,1925,0,98144,1610,4040,55,63,2,2,81676,13.190022025878143,1925
8549,409000,3,1.75,1440,9065,1.0,0,0,4,8,1440,0,1972,0,98133,1990,8812,63,52,2,2,60131,12.921470435024938,1972
13887,345000,2,1.5,1180,844,2.0,0,0,3,7,990,190,2005,0,98144,1170,1400,75,68,3,3,79953,12.751299696013497,2005
273,236000,3,1.0,1300,5898,1.0,0,0,3,7,1300,0,1961,0,98178,1320,7619,42,47,2,2,71524,12.371587084007746,1961
3245,658600,4,2.0,1400,4690,1.5,0,0,4,7,1400,0,1945,0,98117,1400,4690,81,50,2,2,90789,13.3978716489244,1945
7218,500007,2,1.75,1820,6050,1.0,0,0,3,7,910,910,1950,0,98115,1730,6050,66,60,2,2,61391,13.12237737730633,1950
10452,655000,3,2.0,1820,4480,1.0,0,0,5,7,1120,700,1923,0,98105,1920,4480,75,58,1,1,110091,13.39239051461739,1923
13148,950000,6,1.0,2330,5000,1.5,0,0,4,7,2330,0,1920,0,98117,1570,5000,62,39,1,1,79681,13.764217263576723,1920
10687,595000,3,1.75,2060,3600,1.5,0,0,3,7,1180,880,1905,1985,98119,1730,2475,81,59,2,2,100172,13.296316684527767,1985
19683,390000,5,3.75,2890,5000,1.0,0,0,3,7,1310,1580,2006,0,98108,1930,5117,79,68,3,3,59275,12.873902018105829,2006
1377,225000,3,2.0,1700,11475,1.0,0,0,5,6,970,730,1945,0,98146,1560,11475,61,38,2,2,56406,12.323855681186558,1945
12581,478000,2,1.0,820,6000,1.0,0,0,3,7,820,0,1939,0,98199,1630,6000,58,39,1,1,90951,13.077366011473593,1939
15985,447000,2,1.0,760,6035,1.0,0,0,3,6,760,0,1920,0,98136,2110,6046,79,51,1,1,90208,13.010313873595706,1920
244,480000,2,1.0,1030,3060,1.0,0,2,4,7,790,240,1918,0,98103,1390,3060,84,46,1,1,81563,13.081541382884074,1918
15886,500000,2,1.0,1120,3220,1.0,0,0,4,7,1120,0,1923,0,98103,1440,3220,89,62,3,3,65625,13.122363377404328,1923
8735,760500,3,2.0,1990,3990,1.0,0,0,5,7,1130,860,1912,0,98103,1710,4000,85,61,2,2,99083,13.541731390681484,1912
19969,850000,2,2.5,1611,2210,2.0,0,2,3,10,1611,0,2005,0,98109,2070,2182,82,79,1,1,88719,13.652991628466498,2005
17138,367500,2,1.0,810,4800,1.0,0,0,3,6,810,0,1919,0,98118,1040,4800,60,35,4,4,59275,12.814478597635029,1919
19546,515000,2,1.0,1150,5664,1.0,0,0,3,7,870,280,1948,0,98115,1380,5664,59,44,2,2,103917,13.151922179645874,1948
16066,250000,2,1.0,750,6350,1.0,0,0,3,5,750,0,1920,0,98103,920,6350,92,56,3,3,65188,12.429216196844383,1920
8656,440000,2,2.75,1100,1088,2.0,0,0,3,7,750,350,2006,0,98102,2090,4125,84,53,2,2,76980,12.994530005894443,2006
439,578000,3,1.75,2120,10875,1.0,0,2,3,8,1540,580,1977,0,98146,2460,11760,7,35,3,3,110060,13.267329147654515,1977
20459,378000,3,2.5,1601,2491,3.0,0,0,3,7,1536,65,2007,0,98125,1420,1156,76,48,3,3,60131,12.842649474601725,2007
16050,399000,3,1.75,1620,10000,1.5,0,0,5,6,1620,0,1918,0,98178,1880,10000,29,47,2,2,71524,12.896716695872,1918
18197,390000,2,1.5,1870,12960,1.5,0,0,4,6,1350,520,1926,0,98118,1380,7800,32,58,2,2,60917,12.873902018105829,1926
20337,550000,3,2.25,1230,875,3.0,0,0,3,8,1230,0,2013,0,98199,1760,5664,64,35,1,1,90951,13.217673557208654,2013
4901,350000,2,1.0,910,4500,1.5,0,0,4,7,910,0,1906,0,98118,1270,3500,87,62,4,4,59275,12.765688433465597,1906
21507,377500,3,2.5,1350,886,3.0,0,0,3,8,1270,80,2006,0,98136,1350,886,84,51,1,1,90208,12.841325847671216,2006
3890,395000,2,1.0,1100,3975,1.0,0,0,3,7,900,200,1950,0,98105,1110,4280,73,56,1,1,110091,12.886641043883259,1950
1091,448000,3,2.25,1530,3056,2.0,0,0,3,7,1530,0,2003,0,98053,1560,3064,24,17,4,4,136616,13.012548511397123,2003
8282,245000,2,1.0,670,2356,1.0,0,0,5,6,670,0,1960,0,98144,1220,1740,61,64,2,2,81676,12.409013489526863,1960
1188,343000,2,1.0,1230,7560,1.0,0,0,3,7,1230,0,1961,0,98133,1270,7560,69,51,4,4,64297,12.745485726148077,1961
12033,1260000,4,2.0,2970,5400,2.5,0,0,4,9,2970,0,1900,0,98112,2500,5040,89,69,2,2,68199,14.04662227892766,1900
2788,545000,2,1.5,1620,3760,2.0,0,0,5,7,1170,450,1924,0,98144,2130,4000,74,56,2,2,137358,13.208541073645382,1924
7873,435000,3,1.75,1310,8065,1.0,0,0,4,6,1310,0,1948,0,98117,1420,8100,76,52,2,2,72428,12.983101310070822,1948
20432,352500,2,2.5,1570,2399,2.0,0,0,3,7,1180,390,2009,0,98106,1590,2306,52,45,1,1,55504,12.772805901234461,2009
1086,550000,4,2.5,2080,4080,1.0,0,0,5,7,1040,1040,1962,0,98144,1340,4080,79,62,4,4,59275,13.217673557208654,1962
905,530000,3,1.75,1250,6041,1.5,0,0,5,7,1250,0,1942,0,98115,1180,6042,63,52,2,2,101413,13.180632285528304,1942
20935,577450,3,3.0,1730,1755,3.0,0,0,3,8,1730,0,2014,0,98117,1830,1804,83,55,2,2,96193,13.266377137543234,2014
20846,369950,3,2.0,1270,1320,3.0,0,0,3,8,1270,0,2006,0,98103,1370,1320,77,59,3,3,87159,12.821123140353697,2006
18442,635000,5,1.75,2240,4750,1.0,0,0,4,7,1120,1120,1920,0,98115,1980,4750,72,56,1,1,110091,13.36138027787483,1920
2433,490000,3,1.75,1540,9000,1.0,0,0,3,8,1540,0,1971,0,98125,1710,7488,67,56,3,3,60131,13.102160670086809,1971
14317,280000,2,1.0,1880,7560,1.0,0,0,3,6,940,940,1919,0,98126,1280,7560,72,54,3,3,75123,12.542544882151386,1919
5537,625000,3,1.75,1580,20588,1.0,0,0,3,8,1580,0,1970,0,98125,2080,7800,48,47,2,2,87222,13.345506928718539,1970
17444,979700,5,3.0,3730,5500,1.5,0,0,3,7,2160,1570,1927,0,98102,1890,5500,76,78,1,1,76980,13.795001681332733,1927
17924,420000,4,1.0,1510,1501,1.5,0,0,3,7,1510,0,1906,0,98103,1560,1602,88,63,2,2,84728,12.948009990259552,1906
20820,452000,2,2.5,1260,1131,3.0,0,0,3,8,1260,0,2006,0,98107,1490,2500,97,54,2,2,72396,13.021437458814368,2006
19882,622500,2,1.75,1510,851,3.0,0,0,3,8,1420,90,2013,0,98107,1300,1338,90,67,2,2,93155,13.341498907321,2013
18927,374000,2,1.0,1140,5650,1.0,0,1,3,6,980,160,1920,0,98116,1220,5700,90,52,2,2,106319,12.832011076396668,1920
12962,388500,3,2.25,1350,944,2.0,0,0,3,8,1050,300,2007,0,98144,1350,1245,91,90,4,4,44571,12.87004844878984,2007
6183,471000,4,1.75,1760,5750,1.0,0,2,5,7,1070,690,1962,0,98126,1860,5750,46,51,1,1,48036,13.062613372998555,1962
116,518500,3,3.5,1590,1102,3.0,0,0,3,8,1590,0,2010,0,98103,1620,3166,85,51,2,2,90568,13.158695306651719,2010
21489,352500,2,2.5,980,1010,3.0,0,0,3,8,980,0,2008,0,98117,980,1023,79,49,1,1,101397,12.772805901234461,2008
7014,725000,3,2.0,2110,5800,1.5,0,0,4,7,1990,120,1927,0,98103,1620,4300,90,58,3,3,65625,13.493926933836812,1927
19921,315000,3,3.25,1480,983,2.0,0,0,3,8,1180,300,2013,0,98106,1330,1062,49,49,2,2,74107,12.66032791780777,2013
2063,510000,2,1.0,890,6095,1.0,0,0,3,7,890,0,1947,0,98115,1450,5985,70,52,2,2,96310,13.142166004700508,1947
18695,770000,4,1.0,1480,3750,1.5,0,0,4,7,1480,0,1912,0,98103,1570,3750,83,50,2,2,81563,13.554145793829866,1912
4550,280000,3,3.0,1390,1080,2.0,0,0,3,7,1140,250,2006,0,98118,1450,1461,71,63,3,3,29286,12.542544882151386,2006
4952,452000,2,1.0,980,5000,1.0,0,0,3,6,980,0,1904,0,98107,1270,4500,82,53,2,2,85595,13.021437458814368,1904
13253,760000,3,2.0,1780,1750,1.0,0,2,3,8,1400,380,1927,2014,98103,1780,3750,87,45,1,1,103750,13.541073712262515,2014
4758,975000,4,2.25,2290,5350,2.0,0,0,4,9,2120,170,1958,0,98199,2910,5350,39,32,1,1,157292,13.790192749979985,1958
13080,386500,4,1.0,1400,3600,1.0,0,0,4,6,700,700,1901,0,98144,1690,3600,66,59,2,2,79953,12.864887147009613,1901
13282,580000,2,1.5,1460,5700,1.5,0,0,3,7,1460,0,1912,0,98115,1780,3800,81,56,2,2,91458,13.270783382522602,1912
514,615000,3,1.75,1900,5000,1.0,0,0,5,7,950,950,1951,0,98116,1770,5000,71,38,1,1,106319,13.329377546788654,1951
13469,652000,3,1.0,1470,6122,1.0,0,0,3,8,1200,270,1948,0,98199,2200,6122,49,35,1,1,157292,13.38779984090879,1948
11442,1125000,6,3.0,2880,3192,2.0,0,0,4,8,2180,700,1919,0,98103,1870,4533,81,57,2,2,84728,13.933293593620657,1919
14972,1425000,5,3.0,2840,6240,2.0,0,0,5,9,2440,400,1905,0,98112,2940,6000,75,61,2,2,154868,14.169682371684887,1905
6202,421500,3,1.5,990,4500,1.0,0,0,5,7,990,0,1948,0,98122,1490,4000,80,63,3,3,76524,12.951575056424048,1948
3158,350500,2,1.0,1450,6380,1.0,0,0,3,7,1450,0,1967,0,98115,1240,6380,78,59,2,2,61391,12.767115985456782,1967
7628,645000,3,2.0,2130,4000,2.0,0,0,3,7,2130,0,1908,0,98115,2010,4000,88,61,2,2,65172,13.37700559577791,1908
4327,395000,3,3.5,1450,1263,2.0,0,0,3,8,1160,290,2007,0,98199,1390,1282,67,50,2,2,66563,12.886641043883259,2007
18547,450000,2,1.0,1380,4390,1.0,0,0,4,8,880,500,1931,0,98115,1390,5234,64,63,1,1,61391,13.017002861746503,1931
9000,1050000,3,3.0,3490,4500,2.5,0,0,3,9,3170,320,1924,0,98102,2840,4050,71,56,2,2,76980,13.864300722133706,1924
18923,1190000,4,3.0,2240,6000,1.5,0,0,4,8,1270,970,1914,0,98109,2240,4250,81,68,2,2,88719,13.989463865087712,1914
19293,310000,3,2.0,1310,1361,3.0,0,0,3,7,1310,0,2003,0,98133,1370,1608,69,52,2,2,64297,12.644327576461329,2003
738,1300000,3,3.25,3400,5979,2.0,0,0,4,9,2290,1110,1937,0,98105,3090,6435,37,47,1,1,132917,14.077874822431765,1937
1672,339000,3,2.25,2090,10120,1.0,0,0,4,7,1290,800,1979,0,98058,1820,7983,17,28,1,1,85758,12.733755386362587,1979
20437,344000,3,2.25,1250,1033,3.0,0,0,3,8,1250,0,2007,0,98103,1250,1150,77,56,3,3,87159,12.748396936355535,2007
1249,546000,3,1.75,2000,5000,1.0,0,0,4,7,1110,890,1921,0,98117,1750,5000,56,43,2,2,101397,13.210374254727043,1921
6980,355000,3,2.25,1370,1524,3.0,0,0,3,8,1370,0,2005,0,98103,1370,1418,78,56,3,3,56744,12.779873068457553,2005
12135,229000,1,1.0,600,3720,1.0,0,0,3,6,600,0,1920,0,98106,1480,4800,42,47,2,2,74107,12.341477282536376,1920
21586,505000,2,2.5,1430,1201,3.0,0,0,3,8,1430,0,2009,0,98107,1430,1249,96,55,2,2,72396,13.132313708257497,2009
12106,257500,2,2.0,1180,9265,1.0,0,0,3,7,1180,0,1940,0,98125,460,18000,79,58,2,2,56208,12.458774999085929,1940
16996,645000,3,2.0,1640,4218,1.0,0,0,4,7,910,730,1941,0,98103,1670,4000,91,63,2,2,84728,13.37700559577791,1941
12052,700000,3,1.75,2010,4905,1.0,0,0,5,7,1230,780,1912,0,98122,2210,1834,84,70,3,3,57786,13.458835614025542,1912
15647,599995,3,1.0,1620,3000,1.5,0,0,5,7,1620,0,1928,0,98103,1420,3060,84,54,2,2,90568,13.304676600830227,1928
10450,402500,3,1.75,1480,2211,2.0,0,0,3,7,1480,0,1995,0,98103,1480,2197,76,57,3,3,87159,12.905450375840756,1995
12204,1300000,5,4.0,3366,7800,2.5,0,2,3,8,2966,400,1937,0,98199,2340,6000,56,44,2,2,90951,14.077874822431765,1937
21417,598500,3,3.0,1560,2091,3.0,0,0,3,8,1560,0,2006,0,98103,1530,2091,74,61,2,2,71809,13.302181803980165,2006
15743,700000,4,1.75,2420,520,1.5,0,0,3,7,2420,0,1900,0,98112,1200,1170,85,63,2,2,104632,13.458835614025542,1900
5139,700000,4,1.5,2470,6000,1.5,0,0,3,7,1480,990,1940,0,98199,2140,4000,59,44,1,1,157292,13.458835614025542,1940
10907,650500,4,1.75,2340,5940,1.0,0,0,3,8,1290,1050,1953,0,98115,1930,5940,61,47,1,1,110458,13.385496576934697,1953
11816,380000,3,1.0,1380,5400,1.0,0,0,4,7,1380,0,1954,0,98125,1190,6075,47,54,2,2,87222,12.84792653170257,1954
9011,860000,5,1.75,2510,6000,1.5,0,0,5,8,2010,500,1920,0,98144,2240,5000,69,69,4,4,81676,13.664687668229691,1920
12731,575000,2,1.0,1230,2726,1.5,0,0,3,7,880,350,1920,0,98117,1710,3750,88,51,1,1,103750,13.262125319779487,1920
14833,397000,2,1.0,1030,12350,1.5,0,0,3,7,1030,0,1942,0,98115,1790,6900,71,60,1,1,61391,12.891691559669328,1942
19539,385000,1,1.0,660,3570,1.0,0,0,3,6,660,0,1906,0,98118,1520,4080,79,56,4,4,59275,12.86099861326992,1906
20462,345000,2,1.75,1030,1106,2.0,0,0,3,7,765,265,2006,0,98136,1030,1066,81,50,1,1,102500,12.751299696013497,2006
20541,312500,3,3.25,1480,983,2.0,0,0,3,8,1180,300,2013,0,98106,1330,1062,49,49,2,2,74107,12.652359748158593,2013
21578,362500,2,1.5,940,1768,2.0,0,0,3,7,940,0,2009,0,98144,1130,1159,62,65,2,2,79953,12.800779753276867,2009
14020,425000,3,1.5,1190,8100,1.0,0,0,3,7,830,360,1947,0,98125,1256,8100,84,55,3,3,51741,12.959844447906553,1947
6034,680000,2,2.0,1450,989,3.0,0,0,3,9,1450,0,2014,0,98109,1490,1240,72,68,2,2,88719,13.42984807715229,2014
14061,284000,3,1.75,1430,4850,1.0,0,0,3,7,930,500,1978,0,98108,1430,4850,46,52,3,3,79432,12.556729517143344,1978
9440,546940,3,1.0,1470,7680,1.0,0,0,3,7,1220,250,1946,0,98106,1470,6784,59,54,3,3,54622,13.212094386173922,1946
7824,490000,2,1.0,1420,4305,1.0,0,0,4,7,920,500,1941,0,98115,1420,4305,81,51,2,2,91458,13.102160670086809,1941
1740,785000,3,2.5,2930,33981,2.0,0,2,3,9,2930,0,2000,0,98059,3720,35230,0,0,1,1,148750,13.573438996764546,2000
21582,490000,3,2.25,1500,1290,2.0,0,0,3,8,1220,280,2006,0,98117,1460,1375,81,49,2,2,85595,13.102160670086809,2006
10866,540000,3,2.5,2520,5000,3.0,0,0,3,9,2520,0,1990,0,98106,1130,5000,37,53,1,1,67277,13.199324418540456,1990
8803,699950,3,3.25,2230,5460,1.0,0,1,4,8,1430,800,1977,0,98136,2070,5600,40,46,2,2,102500,13.458764182902971,1977
11924,1443920,4,3.0,3720,5000,2.5,0,0,5,9,2720,1000,1905,0,98102,2610,5000,87,75,2,2,98617,14.18287219523813,1905
1213,245000,3,2.5,1600,4271,2.0,0,0,3,7,1600,0,2003,0,98038,1520,3225,39,60,2,2,96857,12.409013489526863,2003
17456,565000,3,1.75,1490,5000,1.0,0,1,3,8,1250,240,1954,0,98136,1980,5000,42,45,2,2,102500,13.244581010128577,1954
20894,1095000,3,2.5,2550,5100,2.0,0,0,3,9,2550,0,2014,0,98115,1250,4080,90,55,2,2,65172,13.906264921232738,2014
13033,395000,2,1.0,960,6700,1.0,0,0,3,7,960,0,1951,0,98103,1350,6700,88,56,3,3,62786,12.886641043883259,1951
21300,453000,2,1.5,1160,1269,2.0,0,0,3,7,970,190,2005,0,98103,1700,3150,96,58,3,3,99083,13.023647404465171,2005
5207,500000,4,2.0,2330,7778,1.0,0,0,3,7,1230,1100,1961,0,98125,1250,8160,87,59,4,4,31863,13.122363377404328,1961
16141,705000,5,3.0,2380,5000,2.0,0,0,5,7,2380,0,1909,0,98107,1800,4650,89,50,2,2,79681,13.465953081794405,1909
18207,660000,3,3.25,1980,2850,3.0,0,0,3,7,1980,0,1987,0,98103,1630,4560,90,68,2,2,99083,13.399995114002609,1987
20668,430100,3,2.25,1400,1078,2.0,0,0,3,8,940,460,2009,0,98144,1420,1230,84,62,4,4,59275,12.971773018771827,2009
10712,428000,4,2.0,1300,7200,1.0,0,0,3,7,1300,0,1958,0,98122,1540,6600,75,58,2,2,104632,12.966878474563934,1958
13310,435000,2,1.0,1060,3036,1.5,0,0,4,6,1060,0,1943,0,98105,1730,5535,79,78,2,2,38487,12.983101310070822,1943
15292,324800,2,1.0,1170,5043,1.0,0,0,3,6,880,290,1949,0,98108,1430,5692,44,54,3,3,79432,12.69096488726966,1949
20099,368000,3,2.5,1370,1350,2.0,0,0,3,7,1010,360,2007,0,98136,1450,6000,69,51,1,1,66794,12.815838217151068,2007
15211,915000,3,2.25,2390,2750,2.0,0,0,5,8,1580,810,1925,0,98109,2200,5160,88,65,2,2,98750,13.726679344257658,1925
6012,925000,4,2.5,3350,4501,2.0,0,0,3,9,2640,710,2002,0,98117,1000,4500,84,51,2,2,90789,13.737549016494562,2002
6333,400000,3,1.5,1890,6183,1.0,0,0,3,7,1090,800,1967,0,98118,1750,6183,68,59,4,4,61901,12.89921982609012,1967
4571,527200,3,1.75,1460,4000,1.0,0,2,4,7,730,730,1929,0,98144,1360,4000,82,72,3,3,66458,13.175335262170435,1929
18493,689800,2,1.75,1370,3125,1.0,0,0,3,7,1090,280,1950,0,98199,1730,5966,62,44,1,1,66563,13.444156979484877,1950
9817,490000,3,2.25,1410,7740,1.0,0,0,5,6,1410,0,1923,0,98126,1220,7740,79,57,4,4,47701,13.102160670086809,1923
628,543500,3,2.25,1270,2790,1.0,0,0,3,7,990,280,1970,0,98199,1920,4000,67,45,1,1,66563,13.205784985543401,1970
11306,402300,3,1.75,1480,4050,1.0,0,0,3,7,870,610,1926,0,98115,1350,4500,60,56,2,2,101413,12.90495335793788,1926
15286,1120280,4,4.0,2530,1774,3.0,0,2,3,9,2100,430,2013,0,98119,2160,2400,80,60,2,2,100172,13.929089212026485,2013
7263,606400,3,3.0,1800,5000,1.5,0,2,3,8,1500,300,1929,0,98119,1670,5000,70,61,2,2,87667,13.315295113310299,1929
16234,285000,3,2.5,1800,2516,2.0,0,0,3,7,1800,0,2001,0,98108,1800,2562,47,58,3,3,47604,12.560244459250788,2001
2160,440000,4,1.0,1780,4000,1.5,0,0,3,7,1780,0,1922,0,98103,1750,4000,75,60,2,2,71809,12.994530005894443,1922
1269,532500,3,1.75,1620,3360,1.0,0,0,5,7,980,640,1927,0,98117,1400,3840,89,53,2,2,103750,13.185338176565716,1927
7039,667000,3,1.5,1720,8100,2.0,0,0,3,8,1720,0,1907,0,98107,2210,8100,55,38,1,1,79681,13.410545324897761,1907
7006,870000,4,2.75,2840,4000,1.5,0,0,5,8,1960,880,1912,0,98144,2750,4000,52,65,3,3,81676,13.676248490630767,1912
298,404000,3,1.5,2030,8880,1.0,0,0,3,7,1330,700,1963,0,98108,2140,5592,60,52,3,3,79432,12.909170156943286,1963
19942,455000,4,2.5,2090,4400,2.0,0,0,3,8,2090,0,2011,0,98118,2090,3430,85,65,3,3,29286,13.028052697933088,2011
18320,362500,3,1.0,960,5424,1.5,0,0,3,6,960,0,1916,0,98115,1550,5687,68,62,1,1,61391,12.800779753276867,1916
14904,561000,3,1.75,1710,5000,1.0,0,0,4,7,1360,350,1918,0,98136,1490,6250,82,50,1,1,90208,13.237476184504834,1918
12488,733000,4,1.75,1930,3876,1.5,0,0,5,7,1450,480,1924,0,98105,1280,3825,87,75,3,3,38487,13.504900980868788,1924
13986,626000,3,1.75,2430,5000,2.0,0,0,4,7,1760,670,1945,0,98117,1320,4062,77,49,2,2,85595,13.347105650082236,1945
13956,1160000,5,3.25,4290,7019,2.5,0,0,4,10,3590,700,1927,0,98112,1920,4000,67,79,2,2,131429,13.963930563082547,1927
4492,564500,4,2.25,1950,6000,1.0,0,0,3,7,1350,600,1961,0,98115,1980,6000,61,52,2,2,85759,13.243695662571854,1961
7407,679000,4,2.75,2100,4480,1.5,0,0,4,7,1780,320,1928,0,98105,2050,4480,87,60,1,1,110091,13.428376406540833,1928
21224,610000,3,2.5,1300,1331,3.0,0,0,3,8,1300,0,2007,0,98103,1450,5270,89,62,2,2,71809,13.321214236149494,2007
19604,663000,3,2.0,1480,3876,1.0,0,0,5,7,860,620,1928,0,98117,1660,3774,73,50,2,2,101397,13.404530269168,1928
11405,978000,4,2.75,2620,13777,1.5,0,2,4,9,1720,900,1926,0,98144,3530,9287,48,62,3,3,81676,13.793264949016955,1926
10304,601000,4,3.5,2160,3600,2.0,0,0,3,8,1660,500,1998,0,98122,1230,3840,87,60,3,3,76524,13.306350213517344,1998
4761,624000,4,3.0,1540,4140,1.5,0,0,5,7,1540,0,1902,0,98107,1460,5000,70,47,2,2,79681,13.343905647351566,1902
6207,337500,2,1.0,1300,6731,1.0,0,0,3,7,1300,0,1950,0,98116,1240,6731,58,44,1,1,106319,12.729320789294722,1950
1173,359000,3,2.5,1450,3850,2.0,0,0,3,7,1450,0,2004,0,98065,1970,3748,16,44,2,2,132072,12.791077667470416,2004
19822,388000,3,3.25,1370,915,2.0,0,0,3,8,1100,270,2006,0,98116,1370,1146,95,53,2,2,71705,12.86876061860541,2006
14240,862500,4,2.5,3220,4400,2.0,0,2,3,9,2180,1040,1937,0,98199,3000,5000,52,41,1,1,157292,13.667590427887651,1937
19287,316000,2,2.0,860,3000,1.0,0,0,3,6,860,0,1906,0,98118,1290,3500,87,62,4,4,59275,12.66349749256905,1906
16106,1425000,2,2.5,2220,4000,2.0,0,0,3,9,2220,0,2000,0,98112,1870,4000,79,30,2,2,132000,14.169682371684887,2000
20922,499950,2,2.5,1320,1157,2.0,0,0,3,8,990,330,2014,0,98107,1550,1519,75,55,1,1,97500,13.122263372403996,2014
1105,550000,3,2.0,1810,12825,1.0,0,0,4,7,1810,0,1960,0,98007,1490,10800,40,42,2,2,71269,13.217673557208654,1960
16522,710000,2,1.5,1640,4080,1.5,0,0,5,7,1540,100,1916,0,98105,1880,4080,84,76,3,3,38487,13.473020249017498,1916
20070,524000,3,2.25,1370,1007,3.0,0,0,3,8,1330,40,2009,0,98107,1570,1635,78,56,1,1,93155,13.169246963303179,2009
12568,990000,4,2.5,2540,5930,2.0,0,0,3,9,2540,0,2003,0,98199,1400,4000,59,48,2,2,62639,13.805460222110773,2003
21477,1010800,4,3.25,3610,4000,2.0,0,0,3,9,2640,970,2007,0,98199,1980,4000,67,45,1,1,66563,13.826252654496177,2007
17818,550000,3,1.75,1360,5850,1.0,0,0,4,7,1000,360,1938,0,98116,1540,5850,68,46,1,1,106319,13.217673557208654,1938
12332,430000,3,1.5,1810,5080,1.0,0,0,3,7,1030,780,1958,0,98115,1780,7620,79,46,2,2,110458,12.971540487669746,1958
12906,536500,4,2.5,1720,3515,2.0,0,2,3,8,1470,250,2000,0,98144,1140,2208,64,60,2,2,81676,13.19282184105289,2000
14964,730000,2,1.0,1860,3400,1.0,0,0,3,7,1010,850,1920,0,98105,1540,3997,71,55,2,2,113906,13.500799813124575,1920
12032,550000,3,2.0,1390,2688,1.5,0,0,5,7,1390,0,1915,0,98117,1440,2900,71,48,2,2,97500,13.217673557208654,1915
10297,440000,2,1.5,1080,6760,1.0,0,2,3,6,1080,0,1923,0,98117,2080,5800,36,40,1,1,96193,12.994530005894443,1923
4846,719000,3,3.0,1833,1706,3.0,0,0,3,9,1833,0,1998,0,98115,1466,1455,84,55,3,3,65172,13.485616636703183,1998
17519,645500,2,1.0,1890,5202,1.5,0,0,4,7,1890,0,1909,0,98117,1670,5100,83,49,2,2,85595,13.377780489268835,1909
2652,872000,4,4.0,3770,9750,1.0,0,0,4,9,1940,1830,1967,0,98177,2260,9878,30,40,2,2,125400,13.678544702891116,1967
4166,628000,4,2.0,2260,6000,1.0,0,0,3,8,1430,830,1958,0,98115,2030,5874,68,50,2,2,101413,13.350295445450335,1958
3987,202000,1,1.0,590,833,1.0,0,0,4,7,590,0,1926,0,98122,780,1617,86,61,4,4,76524,12.216022976383341,1926
32,687500,4,1.75,2330,5000,1.5,0,0,4,7,1510,820,1929,0,98117,1460,5000,72,51,2,2,90789,13.440817108522863,1929
16244,712500,5,2.0,2280,5400,1.5,0,0,4,7,1340,940,1947,0,98105,1770,5000,65,56,1,1,132917,13.476535191124942,1947
10888,462500,4,1.0,1540,4500,1.5,0,0,2,7,1540,0,1905,0,98116,1920,6000,75,40,2,2,77808,13.044401835934616,1905
8810,604000,3,2.0,1560,2589,1.0,0,0,3,7,790,770,1923,2001,98103,1450,3893,89,62,3,3,65625,13.311329476916953,2001
3756,405000,3,2.5,2260,5500,1.5,0,0,3,7,1280,980,1910,0,98117,1790,5355,75,47,1,1,101397,12.911642346088676,1910
8713,427550,2,1.0,880,4000,1.0,0,0,3,7,880,0,1940,0,98117,1150,4000,78,49,2,2,101397,12.965826519584102,1940
12336,1186040,3,1.75,2550,6117,2.0,0,0,3,9,1650,900,1951,2004,98122,2100,4967,77,48,2,2,137358,13.986130584783888,2004
524,275000,2,1.0,940,5000,1.0,0,0,3,6,940,0,1951,0,98126,940,5000,77,54,2,2,47701,12.524526376648708,1951
14656,330000,4,2.0,1170,4000,1.0,0,0,3,7,1170,0,1955,0,98144,1720,4000,79,76,4,4,66458,12.706847933442663,1955
17834,805000,4,2.25,2440,9889,1.0,0,0,3,7,1540,900,1952,0,98115,1710,6284,54,51,2,2,85759,13.5985975564007,1952
21454,375000,3,1.5,1290,1213,3.0,0,0,3,8,1290,0,2007,0,98103,1360,1227,75,63,3,3,87159,12.834681304952548,2007
37,640000,4,2.0,2360,6000,2.0,0,0,4,8,2360,0,1904,0,98107,1730,4700,74,55,1,1,97500,13.369223455335854,1904
10972,455000,4,1.75,1920,6000,1.0,0,0,4,7,960,960,1954,0,98125,1850,7200,86,56,3,3,60131,13.028052697933088,1954
2636,415000,3,1.0,1170,6700,1.0,0,0,3,8,1170,0,1957,0,98125,2410,7620,56,53,3,3,87222,12.936033799212835,1957
13231,255000,2,1.0,1320,9967,1.0,0,0,3,6,940,380,1919,0,98108,1970,7587,70,67,3,3,59275,12.449018824140563,1919
12769,415000,1,1.0,700,2550,1.0,0,0,3,6,700,0,1954,0,98117,1330,4110,85,48,2,2,85595,12.936033799212835,1954
10758,520000,3,1.0,940,3000,1.5,0,0,3,7,940,0,1903,0,98122,1210,3500,84,67,3,3,76524,13.16158409055761,1903
150,532170,3,2.0,1360,3090,2.0,0,0,3,8,1360,0,1990,0,98103,1500,3090,92,50,1,1,90568,13.184718266151094,1990
11763,1236300,5,3.5,3180,4628,2.0,0,0,3,10,2420,760,2001,0,98199,2060,4640,74,41,1,1,90951,14.02763360599502,2001
13041,580000,2,1.5,1220,5000,1.0,0,2,4,7,1220,0,1938,0,98103,2090,3850,79,60,2,2,71809,13.270783382522602,1938
19219,539950,3,2.5,1330,2183,3.0,0,0,3,8,1330,0,2014,0,98117,1310,5000,80,54,2,2,62786,13.199231821660906,2014
4502,618000,4,1.0,1260,4080,1.0,0,0,4,7,1260,0,1911,0,98105,1340,4080,83,76,3,3,38487,13.334243736439827,1911
2778,560000,3,3.5,2270,4088,2.0,0,0,3,8,1880,390,1996,0,98136,1760,5425,58,48,1,1,102500,13.235692062711331,1996
12238,180000,3,1.0,1090,6771,1.5,0,0,3,7,1090,0,1929,0,98106,1230,4662,91,49,3,3,47363,12.100712129872347,1929
12379,800000,4,3.5,2370,3302,2.0,0,0,3,8,1610,760,1926,2014,98103,2170,3800,80,53,3,3,111661,13.592367006650065,2014
3395,369900,2,2.5,1770,1853,3.0,0,0,3,8,1770,0,2007,0,98126,1770,1924,62,50,1,1,48036,12.820987977820545,2007
20869,428000,3,2.5,1650,2201,3.0,0,0,3,8,1650,0,2007,0,98133,1650,1965,64,59,2,2,31863,12.966878474563934,2007
1907,590000,3,2.0,3030,9374,1.0,0,1,4,7,2100,930,1959,0,98136,1990,6012,29,45,3,3,102500,13.287877815881902,1959
8246,500000,3,1.5,1330,1265,2.0,0,0,3,8,1140,190,2008,0,98116,1330,1264,70,35,2,2,82333,13.122363377404328,2008
20647,539950,3,2.25,1670,1596,3.0,0,0,3,8,1670,0,2014,0,98136,1640,1310,77,50,1,1,102500,13.199231821660906,2014
8965,700000,3,1.75,1910,4800,1.0,0,0,3,7,1080,830,1959,0,98103,1750,4800,69,50,3,3,111661,13.458835614025542,1959
20797,450000,2,1.5,1310,1264,2.0,0,0,3,8,1120,190,2006,0,98106,1330,1265,70,35,2,2,82333,13.017002861746503,2006
7076,990000,3,4.0,2550,3900,2.0,0,2,3,8,2050,500,1940,2003,98199,2340,6400,74,43,1,1,90951,13.805460222110773,2003
7533,450000,2,1.0,810,4368,1.0,0,0,3,6,810,0,1958,0,98115,1890,5253,78,53,2,2,80400,13.017002861746503,1958
14918,989000,5,3.5,3280,4000,2.0,0,0,3,9,2440,840,2003,0,98117,1980,4000,55,44,2,2,101397,13.804449610604848,2003
3110,870000,4,3.0,2940,7108,2.0,0,1,3,9,2220,720,2011,0,98136,2240,7950,62,47,1,1,90208,13.676248490630767,2011
7254,1045000,4,3.0,3560,4000,3.0,0,2,3,9,2970,590,1996,0,98112,1190,4000,73,57,1,1,154868,13.85952744338105,1996
17076,845000,4,2.5,2390,5071,2.0,0,0,3,9,1760,630,1988,0,98122,1940,5071,55,47,3,3,137358,13.64709190633931,1988
1216,485500,4,2.5,2320,3974,2.0,0,0,3,7,2320,0,1999,0,98065,2620,4539,57,60,2,2,132072,13.092934566713517,1999
9452,900000,8,4.0,4020,7500,1.0,0,0,3,8,2010,2010,1968,0,98107,1560,3737,70,54,1,1,97500,13.710150042306449,1968
2174,638000,3,1.0,1830,4400,1.5,0,0,4,8,1720,110,1930,0,98122,1650,4400,78,66,3,3,76524,13.366093562326927,1930
1934,320000,4,1.75,1660,6200,1.0,0,0,4,6,830,830,1948,0,98108,1780,5968,72,52,3,3,79432,12.676076274775909,1948
20081,599000,3,1.75,1650,1180,3.0,0,0,3,8,1650,0,2014,0,98105,1650,1960,92,72,4,4,38487,13.303016877097587,2014
7428,1248000,2,2.5,2310,3313,2.0,0,0,3,9,2310,0,2006,0,98119,2700,5670,79,59,1,1,100172,14.03705282791151,2006
9678,432000,2,1.0,960,3235,1.0,0,0,4,7,960,0,1916,0,98103,1290,2069,88,61,3,3,65625,12.976180867226248,1916
9443,593000,2,2.5,2000,2500,3.0,0,1,3,8,1810,190,1994,0,98116,1970,5650,58,39,1,1,106319,13.292949677979863,1994
4746,260000,2,1.0,750,6720,1.0,0,0,3,6,750,0,1916,0,98108,920,6720,64,52,4,4,79432,12.468436909997665,1916
12559,545000,3,1.75,1700,5750,1.5,0,2,5,7,1450,250,1925,0,98126,1700,5750,88,54,2,2,71705,13.208541073645382,1925
14781,410000,3,1.75,1660,5987,1.0,0,0,3,7,960,700,1982,0,98146,1510,6000,26,40,1,1,83421,12.92391243868049,1982
16186,475000,3,2.5,1700,9100,1.0,0,0,3,8,1160,540,1998,0,98126,1590,8374,58,46,2,2,75123,13.071070083016778,1998
8340,235000,3,1.0,960,5030,1.0,0,0,3,7,960,0,1955,0,98118,1460,5400,85,56,4,4,59275,12.367340793126296,1955
1199,630000,4,3.75,4610,40202,1.0,0,0,4,10,2500,2110,1980,0,98027,3050,41056,0,0,2,2,98750,13.353475098367715,1980
9152,525000,4,2.75,2440,5080,2.0,0,0,3,8,1750,690,1960,0,98126,1920,6375,59,52,1,1,66794,13.17115354157376,1960
1458,672500,3,2.25,2400,5300,1.5,0,0,4,7,1250,1150,1939,0,98117,1540,4800,82,52,2,2,101397,13.418757390458131,1939
2949,313000,4,1.75,1630,3000,1.0,0,0,3,7,930,700,1978,0,98144,1630,3000,70,76,3,3,44571,12.65395846952229,1978
